1.000000000 0.000000000 0.000000000 0.000000000 0.000000000 1.000000000 0.000000000 0.000000000 0.000000000 0.000000000 1.000000000 0.000000000
0.999973178 0.003718211 -0.006309435 -0.000839058 -0.003709354 0.999992073 0.001414862 0.000237688 0.006314647 -0.001391420 0.999979079 -0.000684437
0.999852598 0.001598323 -0.017093396 -0.001252748 -0.001531996 0.999991238 0.003892630 0.000274170 0.017099468 -0.003865869 0.999846339 0.001447539
0.999126375 0.008618898 -0.040890407 -0.000523894 -0.008299915 0.999933779 0.007964256 0.000417400 0.040956348 -0.007617911 0.999131978 0.000138054
0.998059928 0.014737007 -0.060490377 0.000046819 -0.014185041 0.999853790 0.009544163 0.000463819 0.060622193 -0.008667589 0.998123109 0.002635037
0.997503161 0.022712043 -0.066869706 -0.000124215 -0.021990227 0.999691904 0.011510802 0.000896896 0.067110524 -0.010011582 0.997695327 0.002961084
0.997070551 0.020838270 -0.073593184 -0.000263592 -0.020140434 0.999745011 0.010211859 0.000756656 0.073787212 -0.008699745 0.997236013 0.002820879
0.996035337 0.019403849 -0.086817965 -0.000460252 -0.018120810 0.999714971 0.015542306 0.000189343 0.087094828 -0.013907473 0.996102989 0.003257298
0.993920326 0.030100510 -0.105906896 -0.000481349 -0.028439770 0.999448240 0.017156906 0.000914244 0.106364906 -0.014040627 0.994228005 0.003580989
0.992753208 0.033984598 -0.115265511 -0.000274528 -0.032065853 0.999315262 0.018460331 0.000987452 0.115813956 -0.014630465 0.993163168 0.004279258
0.992450297 0.035954211 -0.117258742 -0.000276554 -0.033702962 0.999208570 0.021126224 0.001204690 0.117925517 -0.017014757 0.992876649 0.004233817
0.991776228 0.035990696 -0.122818753 -0.000302504 -0.033524588 0.999193788 0.022087684 0.000963979 0.123514660 -0.017788593 0.992183268 0.004194678
0.989895463 0.036546450 -0.137008667 -0.000329870 -0.033314839 0.999111593 0.025806995 0.000805631 0.137830123 -0.020981804 0.990233541 0.005184347
0.988504469 0.039995797 -0.145805523 -0.000543129 -0.036376048 0.998962164 0.027409175 0.000726401 0.146750465 -0.021790262 0.988933504 0.005523220
0.986608386 0.040330075 -0.158042312 -0.000331427 -0.035808887 0.998866737 0.031352494 0.000780398 0.159127668 -0.025273319 0.986934423 0.002613317
0.983092308 0.052123066 -0.175535381 0.000244569 -0.044211484 0.997835100 0.048686795 0.000339988 0.177693099 -0.040102925 0.983268499 0.003119731
0.981622100 0.055648912 -0.182540938 -0.000037891 -0.046287946 0.997404575 0.055150349 0.000735531 0.185136169 -0.045687366 0.981650293 0.002116890
0.980962276 0.058497019 -0.185178563 -0.000251818 -0.047958791 0.996991694 0.060888648 0.000896242 0.188183323 -0.050848510 0.980816662 0.001095887
0.977829576 0.071860902 -0.196685910 0.000216287 -0.058485925 0.995616138 0.072992556 0.001232830 0.201068953 -0.059870921 0.977745771 0.000956344
0.975024223 0.073189728 -0.209692538 -0.000020272 -0.054564897 0.994144082 0.093274809 0.001047296 0.215291381 -0.079503350 0.973308206 0.000918932
0.973572910 0.082160786 -0.213085890 0.000291961 -0.059969157 0.992274642 0.108602881 0.001308342 0.220362663 -0.092954241 0.970978796 -0.000570051
0.970634997 0.093828917 -0.221503556 0.000642921 -0.067829736 0.990183771 0.122209974 0.001720449 0.230796069 -0.103596754 0.967471302 -0.000738024
0.971160114 0.101327680 -0.215825707 0.000697817 -0.072361626 0.987766266 0.138136178 0.001058442 0.227182373 -0.118534826 0.966611445 -0.000977979
0.969530702 0.115567535 -0.215996221 0.001966130 -0.081635386 0.983749151 0.159916818 0.002048794 0.230967298 -0.137411311 0.963209331 -0.003007947
0.971907377 0.121693172 -0.201461732 0.001575954 -0.084336251 0.979185462 0.184616491 0.001081798 0.219734952 -0.162439629 0.961940706 -0.004119443
0.970382214 0.133687943 -0.201210827 0.002534105 -0.091166779 0.973985732 0.207461551 0.001647338 0.223711610 -0.182973281 0.957326412 -0.003708097
0.969488680 0.142782882 -0.199260056 0.002533969 -0.096516676 0.969534457 0.225138605 0.001613078 0.225335464 -0.199037403 0.953733742 -0.003463213
0.969030142 0.150624558 -0.195685431 0.003204318 -0.101344429 0.965198278 0.241084501 0.001582948 0.225188494 -0.213786542 0.950571120 -0.003859392
0.969554901 0.166429460 -0.179623306 0.002371365 -0.118258707 0.960559070 0.251676768 0.002040562 0.214425191 -0.222772449 0.950996459 -0.004769594
0.972775459 0.163924709 -0.163818792 0.002781555 -0.117528684 0.958183765 0.260903925 0.001424067 0.199737087 -0.234547511 0.951363444 -0.006355695
0.974060297 0.165420473 -0.154410169 0.002891019 -0.119271591 0.955189049 0.270902395 0.001462437 0.192303702 -0.245458603 0.950141788 -0.005859681
0.976751149 0.169570550 -0.131159708 0.003015838 -0.127899304 0.951950967 0.278264225 0.000950963 0.172043025 -0.255019635 0.951507330 -0.008096856
0.978310168 0.167301938 -0.122144483 0.003436396 -0.126201645 0.948972285 0.289006472 0.000805515 0.164263085 -0.267323136 0.949503005 -0.008621485
0.982337058 0.157836765 -0.100507155 0.002874170 -0.122386150 0.948257029 0.292968005 0.000064755 0.141547740 -0.275492638 0.950824916 -0.010099350
0.982102096 0.162800208 -0.094718218 0.002676132 -0.127872333 0.945544899 0.299321800 -0.000072570 0.138289973 -0.281852722 0.949439287 -0.009123898
0.983580172 0.157217756 -0.088614948 0.002514939 -0.124065883 0.945632637 0.300643504 0.000015628 0.131063685 -0.284712911 0.949610889 -0.008771231
0.983310461 0.162317336 -0.082180426 0.003320461 -0.130552843 0.944115996 0.302656204 0.000318453 0.126714215 -0.286876053 0.949550152 -0.009426492
0.984991372 0.159767821 -0.065316282 0.003441664 -0.133492410 0.945029855 0.298493415 0.000490604 0.109415479 -0.285294205 0.952174008 -0.009630046
0.986429036 0.156592593 -0.049359649 0.002795489 -0.135397136 0.945877194 0.294930398 0.000039770 0.092872098 -0.284244806 0.954242945 -0.010818405
0.987739682 0.151782572 -0.036501084 0.002892539 -0.134412840 0.945798755 0.295631170 -0.000196879 0.079394333 -0.287100464 0.954604566 -0.011350761
0.988330841 0.150615200 -0.022741670 0.002700324 -0.137309149 0.945566237 0.295043588 -0.000095926 0.065941803 -0.288478047 0.955213130 -0.011254906
0.989167750 0.145997912 -0.015222184 0.003191791 -0.135403186 0.947565913 0.289456010 -0.000139323 0.056683991 -0.284259409 0.957070291 -0.011190291
0.989738226 0.142486110 -0.010767757 0.003455299 -0.133417025 0.948463559 0.287431091 -0.000294686 0.051167767 -0.283044904 0.957740784 -0.011411758
0.989815295 0.142203435 -0.006621394 0.002951020 -0.134371132 0.948634684 0.286420166 -0.000367060 0.047011223 -0.282613277 0.958081245 -0.011598729
0.989747584 0.142820060 0.001470664 0.002798007 -0.137246564 0.948171973 0.286588967 -0.000494970 0.039536212 -0.283852577 0.958052516 -0.012745940
0.989856243 0.141950935 0.005864603 0.002861232 -0.137844682 0.949589908 0.281563252 -0.000378283 0.034399197 -0.279515564 0.959524751 -0.012650179
0.990283072 0.138839915 0.007921233 0.002778958 -0.135449022 0.950056612 0.281151086 -0.000573188 0.031509373 -0.279492021 0.959630847 -0.012424408
0.990152121 0.139620528 0.010240103 0.002598850 -0.136791006 0.949334860 0.282933801 -0.000727621 0.029782087 -0.281548262 0.959084749 -0.012835630
0.990206242 0.139000893 0.013050437 0.002894996 -0.137081340 0.950281382 0.279596150 -0.000633879 0.026462516 -0.278646767 0.960029006 -0.012630983
0.989787579 0.141514271 0.017154869 0.002678315 -0.140755206 0.951183319 0.274660617 -0.000437604 0.022550980 -0.274270326 0.961388171 -0.013194410
0.989906669 0.140482023 0.018696036 0.003037274 -0.140215039 0.951651871 0.273310125 -0.000404692 0.020603037 -0.273173004 0.961744249 -0.012094165
0.990214050 0.137991846 0.020840105 0.002899051 -0.138412818 0.952005804 0.272995532 -0.000524767 0.017831253 -0.273208499 0.961789489 -0.012501772
0.990035534 0.139148340 0.021615198 0.002831496 -0.139789104 0.952645838 0.270045966 -0.000572268 0.016984828 -0.270376652 0.962604761 -0.012147868
0.990115821 0.138212070 0.023831911 0.002615954 -0.139500082 0.952919841 0.269227684 -0.000559061 0.014500614 -0.269891083 0.962781668 -0.012846026
0.990095556 0.138590634 0.022433931 0.002990028 -0.139454558 0.952369094 0.271193296 -0.000643490 0.016219474 -0.271635890 0.962263405 -0.012086637
0.990402579 0.136421338 0.022178894 0.002991549 -0.137315899 0.952978671 0.270141006 -0.000782337 0.015716987 -0.270593882 0.962565184 -0.012268801
0.990195215 0.136985824 0.027355783 0.002699525 -0.139282659 0.953232169 0.268232405 -0.000581322 0.010667632 -0.269412607 0.962965727 -0.012483186
0.989659011 0.140807971 0.027352912 0.002760322 -0.142994136 0.953451633 0.265485764 -0.000440796 0.011302843 -0.266651630 0.963726699 -0.013121450
0.990539074 0.134402260 0.027723655 0.002853735 -0.136928841 0.954556763 0.264710844 -0.000374316 0.009113938 -0.266002625 0.963929236 -0.012196708
0.990435719 0.133844316 0.033508427 0.002680481 -0.137945443 0.955545843 0.260582447 -0.000341325 0.002858649 -0.262712508 0.964869857 -0.012188655
0.989781559 0.138096511 0.035521042 0.002950600 -0.142581806 0.955579460 0.257950217 -0.000449480 0.001678854 -0.260379046 0.965505004 -0.012585147
0.989134312 0.142621294 0.035671130 0.002554077 -0.147002324 0.956373811 0.252466649 -0.000215072 0.001892193 -0.254967213 0.966947794 -0.012380130
0.989593625 0.136174127 0.046487372 0.002594823 -0.143488050 0.958051741 0.248088732 -0.000555906 -0.010754040 -0.252177417 0.967621267 -0.012553181
0.988695741 0.142759442 0.045831468 0.002626758 -0.149651632 0.958403409 0.243037507 -0.000062787 -0.009229133 -0.247148916 0.968933582 -0.013146728
0.988832712 0.140449658 0.049836133 0.002606934 -0.148412585 0.958439887 0.243652880 -0.000654431 -0.013543973 -0.248328269 0.968581259 -0.012598228
0.987581134 0.146534726 0.056665521 0.001968791 -0.155867532 0.959088504 0.236335382 -0.000150313 -0.019715909 -0.242232680 0.970017850 -0.013254350
0.988018870 0.141580075 0.061431494 0.003030106 -0.152044341 0.961231291 0.230036750 -0.000512839 -0.026481250 -0.236620963 0.971241117 -0.012171841
0.987655640 0.142287225 0.065502420 0.002941778 -0.153505862 0.962440014 0.223931134 -0.000785332 -0.031179613 -0.231221870 0.972401321 -0.011819141
0.987550139 0.140487671 0.070766777 0.002681309 -0.152607977 0.964749932 0.214402333 -0.001171982 -0.038151357 -0.222532630 0.974178493 -0.012013455
0.986842394 0.143551677 0.074396409 0.002924056 -0.156007454 0.966263771 0.204929024 -0.000763667 -0.042468652 -0.213839054 0.975945294 -0.011412510
0.987281203 0.137428999 0.079931259 0.002243215 -0.150793701 0.968750238 0.196937203 -0.000816712 -0.050368536 -0.206485584 0.977152288 -0.012234790
0.986696362 0.139861912 0.082879379 0.002730850 -0.153385878 0.969833374 0.189462379 -0.000959004 -0.053880613 -0.199654356 0.978383899 -0.011779919
0.986178458 0.142461419 0.084598981 0.002738691 -0.156044886 0.970233619 0.185193658 -0.001237969 -0.055697814 -0.195835203 0.979053795 -0.011603901
0.985784233 0.140964195 0.091425061 0.002722227 -0.155246601 0.972285628 0.174811855 -0.001238359 -0.064249068 -0.186520204 0.980348051 -0.011375115
0.985248148 0.139214993 0.099525049 0.002615791 -0.154045269 0.974784255 0.161449611 -0.001187629 -0.074539237 -0.174399316 0.981849670 -0.010825679
0.985133588 0.138348833 0.101840287 0.002175000 -0.153132409 0.975882769 0.155573472 -0.001394567 -0.077860773 -0.168855712 0.982560575 -0.011306733
0.984743237 0.139264941 0.104336083 0.002392759 -0.154013604 0.976607144 0.150060654 -0.001336386 -0.080997184 -0.163840413 0.983156025 -0.011199436
0.984650254 0.137841821 0.107066959 0.002670454 -0.152519137 0.977778792 0.143827781 -0.001739932 -0.084862322 -0.157949835 0.983793736 -0.010949160
0.984665096 0.133114100 0.112760782 0.002595542 -0.148087069 0.979452729 0.136902556 -0.001912493 -0.092220202 -0.151501626 0.984145701 -0.010647078
0.984885991 0.130415171 0.113980092 0.002886051 -0.144799232 0.981059313 0.128669143 -0.001555662 -0.095040821 -0.143228665 0.985115588 -0.009553303
0.985248983 0.128856301 0.112607583 0.002726597 -0.142212540 0.982540309 0.119958632 -0.001561866 -0.095184065 -0.134203345 0.986371875 -0.009714876
0.985133529 0.130290374 0.111965738 0.002773375 -0.142842606 0.983325779 0.112544961 -0.001623536 -0.095435262 -0.126865312 0.987318277 -0.009710215
0.985047281 0.130480185 0.112501696 0.002839799 -0.142392784 0.984193802 0.105295159 -0.001737479 -0.096984535 -0.119740136 0.988056839 -0.008979141
0.985390961 0.128220171 0.112090342 0.003029887 -0.139416531 0.985321939 0.098506667 -0.002436091 -0.097814530 -0.112694830 0.988803327 -0.008675133
0.986148000 0.123684943 0.110517897 0.003928089 -0.133156955 0.987624586 0.082865775 -0.002374243 -0.098900951 -0.096434161 0.990413547 -0.007699497
0.987316072 0.121387206 0.102334015 0.002388641 -0.129484817 0.988619864 0.076579288 -0.002163175 -0.091873713 -0.088858686 0.991797984 -0.008788299
0.986742735 0.122582383 0.106358841 0.002567537 -0.130504623 0.988901436 0.071010657 -0.001807112 -0.096473753 -0.083949581 0.991788924 -0.007297941
0.986645103 0.123098351 0.106669046 0.002504676 -0.130735919 0.989095032 0.067817271 -0.001940163 -0.097157620 -0.080857046 0.991979063 -0.006948017
0.986716270 0.124456532 0.104410604 0.002362129 -0.131387502 0.989369154 0.062338170 -0.001989500 -0.095542237 -0.075228348 0.992578626 -0.007654389
0.986824989 0.124969110 0.102757908 0.002783848 -0.130770937 0.990059257 0.051783960 -0.001906611 -0.095265023 -0.064539447 0.993357539 -0.006046924
0.986694455 0.130369931 0.097147107 0.002783679 -0.135558620 0.989564359 0.048848882 -0.002447749 -0.089764871 -0.061368056 0.994070530 -0.006156021
0.986289442 0.130416110 0.101117723 0.002155804 -0.135264084 0.989891529 0.042640481 -0.002314307 -0.094534576 -0.055733446 0.993960261 -0.005130841
0.986355305 0.131841838 0.098594919 0.002457678 -0.136389777 0.989811540 0.040876824 -0.002842294 -0.092201114 -0.053766422 0.994287729 -0.005208446
0.986024499 0.134243771 0.098662250 0.002705854 -0.137919709 0.989945412 0.031401951 -0.002334470 -0.093454733 -0.044570561 0.994625390 -0.004027649
0.985978007 0.134722665 0.098474033 0.002949831 -0.137340471 0.990316272 0.020275639 -0.002731842 -0.094788857 -0.033515811 0.994933069 -0.002520486
0.985713482 0.137124851 0.097805738 0.002313962 -0.138650790 0.990300894 0.008946830 -0.002428336 -0.095630281 -0.022379857 0.995165288 -0.004171340
0.986008823 0.134435624 0.098559268 0.002523920 -0.135468498 0.990774214 0.003832664 -0.002849122 -0.097134747 -0.017130714 0.995123804 -0.003759016
0.985606611 0.139036268 0.096168943 0.002647456 -0.139929965 0.990157962 0.002578977 -0.002743718 -0.094863884 -0.015998773 0.995361686 -0.003751779
0.986577690 0.134635985 0.092399649 0.002495913 -0.135106400 0.990830362 -0.001174107 -0.003278783 -0.091710463 -0.011325435 0.995721340 -0.003308610
0.985727310 0.141784623 0.090767816 0.002457564 -0.141637832 0.989885390 -0.008089599 -0.003071548 -0.090996727 -0.004882016 0.995839179 -0.002821787
0.985816360 0.140459239 0.091854997 0.002197747 -0.139968812 0.990085721 -0.011791822 -0.003307792 -0.092600591 -0.001232265 0.995702565 -0.002591302
0.985614002 0.142673314 0.090605445 0.002252357 -0.141797930 0.989765286 -0.016059630 -0.003212585 -0.091969408 0.002980931 0.995757341 -0.002068446
0.985646427 0.140418395 0.093721151 0.002014227 -0.139131635 0.990068913 -0.020157993 -0.003261319 -0.095620923 0.006829078 0.995394349 -0.002432949
0.985879302 0.139525324 0.092598781 0.001976052 -0.137853071 0.990155816 -0.024248419 -0.003273775 -0.095070474 0.011140999 0.995408058 -0.002385592
0.986096263 0.140139997 0.089302436 0.001938128 -0.138326198 0.990039766 -0.026216477 -0.003537748 -0.092086934 0.013499108 0.995659471 -0.002231042
0.986563087 0.136086330 0.090409160 0.001886499 -0.133826524 0.990531027 -0.030632867 -0.003597677 -0.093721807 0.018122112 0.995433509 -0.001669807
0.987407804 0.135374382 0.081850432 0.001723076 -0.133187681 0.990585804 -0.031634893 -0.003678966 -0.085362427 0.020335080 0.996142328 -0.001798769
0.987929523 0.136611268 0.073024780 0.002241192 -0.134033978 0.990204215 -0.039122324 -0.003337168 -0.077653989 0.028862290 0.996562481 0.000340306
0.987989366 0.135326773 0.074590333 0.001938262 -0.132406503 0.990270197 -0.042818952 -0.003809992 -0.079659134 0.032428432 0.996294558 0.000190655
0.988210380 0.134696245 0.072782017 0.002068800 -0.131685242 0.990282476 -0.044717375 -0.003504250 -0.078098014 0.034605850 0.996344805 0.000154745
0.987957954 0.137850761 0.070258141 0.002579047 -0.134791180 0.989777923 -0.046594642 -0.003446972 -0.075963058 0.036563370 0.996440053 0.000770417
0.988665462 0.133710638 0.068278946 0.001927871 -0.130467921 0.990193665 -0.049946558 -0.003690218 -0.074287765 0.040472228 0.996415257 0.000009471
0.988947630 0.133488968 0.064523011 0.002007149 -0.130189180 0.990076244 -0.052911729 -0.003600959 -0.070945837 0.043926731 0.996512473 0.000483602
0.989566028 0.131287456 0.059351891 0.001821936 -0.128312156 0.990398467 -0.051448163 -0.003762089 -0.065536521 0.043295786 0.996910393 0.000509358
0.990965128 0.127252787 0.042365938 0.002127814 -0.125459835 0.991183817 -0.042595491 -0.004045143 -0.047412828 0.036895420 0.998193681 0.001286557
0.991503537 0.126613036 0.029828614 0.001569829 -0.125628874 0.991533577 -0.032840554 -0.003613605 -0.033734113 0.028814200 0.999015272 0.000829488
0.992367566 0.121635072 0.020285673 0.001739770 -0.121012963 0.992212355 -0.029502597 -0.003831059 -0.023716247 0.026822587 0.999358833 0.001327993
0.991816163 0.127381459 0.008644029 0.002374380 -0.127139688 0.991585910 -0.024348881 -0.003325215 -0.011672894 0.023050614 0.999666154 0.001297808
0.992622256 0.121068135 0.006616167 0.001491708 -0.120944984 0.992520154 -0.016613916 -0.003899461 -0.008578093 0.015691146 0.999840081 0.000461747
0.992496431 0.122258373 0.001929507 0.001396803 -0.122221045 0.992408991 -0.013655315 -0.003850268 -0.003584337 0.013317025 0.999904871 0.000503606
0.992370486 0.122710586 -0.011965587 0.001600933 -0.122781947 0.992418826 -0.005422092 -0.003988197 0.011209524 0.006849881 0.999913633 0.000542227
0.991725564 0.126858905 -0.019678064 0.001191754 -0.126847669 0.991920531 0.001821865 -0.003840774 0.019750195 0.000689327 0.999804735 0.001516255
0.990492165 0.133991361 -0.031169705 0.001371248 -0.133879185 0.990981519 0.005667206 -0.003814878 0.031647969 -0.001440348 0.999498069 0.001764432
0.989582777 0.138835579 -0.038086616 0.001253885 -0.138604194 0.990309954 0.008661697 -0.003429843 0.038920105 -0.003292500 0.999236822 0.002358096
0.988571942 0.144989237 -0.041273952 0.000982669 -0.144540086 0.989404261 0.013681438 -0.003386678 0.042820297 -0.007559343 0.999054134 0.002794310
0.987794459 0.146264315 -0.053559639 0.000939420 -0.145446345 0.989185929 0.018884247 -0.003511577 0.055742525 -0.010863699 0.998385966 0.002963426
0.987996101 0.144578457 -0.054413043 0.000857204 -0.143650681 0.989413738 0.020613322 -0.003720086 0.056817256 -0.012549412 0.998305738 0.003446961
0.987463534 0.147529393 -0.056132045 0.000642440 -0.146466568 0.988956928 0.022622550 -0.003695387 0.058849663 -0.014117475 0.998167038 0.003935401
0.986922741 0.147424921 -0.065186605 0.000824574 -0.145622134 0.988834918 0.031618334 -0.004018939 0.069120131 -0.021712240 0.997372031 0.002980767
0.985413074 0.150421530 -0.079588212 0.001088709 -0.147305742 0.988125145 0.043702934 -0.004518676 0.085216977 -0.031341653 0.995869339 0.002790201
0.981329501 0.161792114 -0.103998810 0.001323707 -0.157635182 0.986374915 0.047073856 -0.003735845 0.110197984 -0.029801093 0.993462801 0.003929990
0.980983913 0.160381272 -0.109308079 0.001863220 -0.155528575 0.986481905 0.051617302 -0.004153459 0.116108872 -0.033635218 0.992666841 0.005998284
0.980533838 0.165464014 -0.105711535 0.001499198 -0.161322325 0.985798299 0.046656445 -0.003401939 0.111930229 -0.028694589 0.993301690 0.005484174
0.981526196 0.156150371 -0.110558711 0.001022114 -0.151141703 0.987123847 0.052372027 -0.004444745 0.117313020 -0.034694474 0.992488742 0.004655835
0.978550553 0.168509454 -0.118504234 0.001627255 -0.163087606 0.985125959 0.054121334 -0.003853116 0.125861585 -0.033633888 0.991477489 0.003652331
0.978009403 0.163729489 -0.129190966 0.001159705 -0.157093599 0.985756159 0.060053281 -0.004113167 0.137183264 -0.038437597 0.989799678 0.008144400
0.977112651 0.171525687 -0.125816256 0.001064729 -0.165094674 0.984453857 0.059952613 -0.004201064 0.134143695 -0.037808862 0.990240335 0.006646581
0.977701306 0.166473538 -0.128010347 0.000362095 -0.160053656 0.985345066 0.058973365 -0.003851112 0.135951892 -0.037169807 0.990017951 0.005764297
0.975293934 0.172983706 -0.137398764 0.001029452 -0.165403858 0.984089673 0.064877585 -0.003775137 0.146435469 -0.040548440 0.988388836 0.007375843
0.974034071 0.172720581 -0.146373555 0.001174401 -0.163214803 0.983756363 0.074728221 -0.004146563 0.156903028 -0.048897501 0.986402750 0.007511328
0.972075999 0.177544102 -0.153448105 0.000655988 -0.167635486 0.982963979 0.075367808 -0.003666925 0.164215088 -0.047539920 0.985278249 0.006938871
0.969154775 0.182360575 -0.165781036 0.000507301 -0.171023637 0.981982112 0.080386020 -0.003922818 0.177453279 -0.049554039 0.982880771 0.007788280
0.967286110 0.181048781 -0.177704543 0.000281771 -0.166830450 0.981678724 0.092057064 -0.004681061 0.191115573 -0.059398990 0.979768574 0.010450553
0.962913811 0.194167092 -0.187339172 -0.000289837 -0.178855419 0.979219675 0.095601201 -0.004058626 0.202008814 -0.058549076 0.977632046 0.009630158
0.961394906 0.194406793 -0.194745451 -0.000542526 -0.178021759 0.979080021 0.098542035 -0.003963370 0.209828645 -0.060068894 0.975891232 0.010551794
0.956873715 0.203952461 -0.206872150 -0.000373143 -0.185542136 0.977009475 0.105007358 -0.004200384 0.223532557 -0.062095281 0.972716510 0.009938980
0.955092669 0.200850204 -0.217846453 0.000292914 -0.180677399 0.977474988 0.109078705 -0.003897559 0.234847948 -0.064820364 0.969868422 0.012444599
0.950952828 0.205261260 -0.231422916 0.000374796 -0.183094457 0.976493537 0.113740161 -0.004051208 0.249329418 -0.065789290 0.966181397 0.012959546
0.949336648 0.207041189 -0.236418709 -0.000193636 -0.183761433 0.976002991 0.116832323 -0.003614404 0.254934549 -0.067468576 0.964601636 0.012245938
0.947408557 0.209058285 -0.242304966 -0.000192057 -0.185136870 0.975618124 0.117871292 -0.004079481 0.261039048 -0.066812687 0.963013351 0.011982298
0.946121454 0.206847444 -0.249135092 -0.000140278 -0.181828216 0.976002574 0.119822823 -0.004105696 0.267941564 -0.068067186 0.961027622 0.013702421
0.943302155 0.215304688 -0.252636492 0.000062108 -0.190458670 0.974420428 0.119291000 -0.003515591 0.271858037 -0.064410649 0.960179389 0.013369943
0.943360865 0.210097477 -0.256766915 -0.000082112 -0.183861241 0.975287139 0.122515373 -0.004428762 0.276161700 -0.068366721 0.958676517 0.012698409
0.942231476 0.211166427 -0.260016263 0.000066466 -0.184053540 0.974957526 0.124827906 -0.004516324 0.279864311 -0.069759890 0.957501709 0.012688815
0.939849794 0.215205014 -0.265271753 -0.000166462 -0.187293649 0.974101603 0.126676455 -0.004477992 0.285663068 -0.069373116 0.955815852 0.013174865
0.939416587 0.212051481 -0.269314766 -0.000002046 -0.182929382 0.974589169 0.129276976 -0.004941585 0.289884686 -0.072179370 0.954335809 0.011927514
0.937602580 0.213108271 -0.274747431 -0.000416876 -0.182736963 0.974250615 0.132071227 -0.004901834 0.295818418 -0.073623784 0.952402651 0.012065725
0.932681322 0.216020793 -0.288860589 -0.000198474 -0.183178917 0.973543048 0.136598706 -0.004781034 0.310726404 -0.074489892 0.947575867 0.013558604
0.929093182 0.219908923 -0.297365040 -0.000367495 -0.185304359 0.972613573 0.140303642 -0.004359783 0.320075274 -0.075252123 0.944398701 0.014338113
0.925104678 0.224469647 -0.306258887 -0.000681262 -0.187602520 0.971435547 0.145320728 -0.004466661 0.330130845 -0.076982014 0.940790713 0.014545098
0.921525538 0.230023399 -0.312857717 -0.000290741 -0.192902356 0.970403612 0.145277247 -0.004099157 0.337015420 -0.073525697 0.938623786 0.016291035
0.920060217 0.233220607 -0.314797282 -0.000204523 -0.197614565 0.970069408 0.141115844 -0.003909175 0.338286340 -0.067626528 0.938610137 0.015827723
0.921166837 0.232283190 -0.312243700 -0.000594791 -0.195653856 0.969986618 0.144380033 -0.004259636 0.336409271 -0.071906403 0.938966572 0.014975370
0.923400104 0.225523740 -0.310598344 -0.000553786 -0.187170327 0.971022427 0.148602068 -0.004384998 0.335111260 -0.079084359 0.938853621 0.014975649
0.920070708 0.231302664 -0.316178828 -0.000353408 -0.191314235 0.969594598 0.152594745 -0.004246647 0.341860861 -0.079908431 0.936347008 0.015128581
0.918335080 0.231788620 -0.320834577 -0.000511015 -0.189242914 0.969065070 0.158430129 -0.004281613 0.347631872 -0.084776253 0.933790743 0.015234167
0.917820215 0.228790522 -0.324439287 -0.000462057 -0.184405476 0.969416022 0.161947608 -0.004969680 0.351568758 -0.088810392 0.931939900 0.013304504
0.911127985 0.241368890 -0.334045947 -0.000325065 -0.194936439 0.966547489 0.166690886 -0.004507838 0.363105297 -0.086759016 0.927699983 0.015188054
0.905034244 0.242687568 -0.349307388 -0.000302614 -0.192137808 0.965946794 0.173291475 -0.004826565 0.379468024 -0.089719571 0.920844316 0.016850399
0.900430501 0.250159711 -0.355872124 -0.000425024 -0.197360918 0.963986039 0.178268194 -0.003477148 0.387651235 -0.090282872 0.917374253 0.017868981
0.898309588 0.250105560 -0.361229926 -0.000564366 -0.191675425 0.962888360 0.190017104 -0.005305976 0.395348489 -0.101455286 0.912910938 0.013909090
0.892783523 0.258707285 -0.368792623 -0.000883324 -0.195919409 0.960161150 0.199263826 -0.004775764 0.405651361 -0.105645880 0.907901824 0.013744846
0.884111762 0.269769132 -0.381537616 -0.000149793 -0.198700070 0.956061602 0.215556175 -0.004977954 0.422923863 -0.114764251 0.898868442 0.015012116
0.884924769 0.266797990 -0.381742090 -0.000904130 -0.191755727 0.955677509 0.223405942 -0.005146119 0.424426496 -0.124496244 0.896862686 0.015356922
0.882938147 0.274057567 -0.381199002 -0.000640613 -0.197265476 0.953351378 0.228489518 -0.005217850 0.426035881 -0.126544714 0.895812273 0.012292066
0.877253354 0.281353503 -0.388930261 -0.000867934 -0.199976087 0.950771570 0.236734435 -0.005234285 0.436389774 -0.129899323 0.890331447 0.014264368
0.877704144 0.279234469 -0.389440030 -0.000792200 -0.193589926 0.950029790 0.244880691 -0.005340549 0.438358694 -0.139541179 0.887901962 0.015250281
0.876891851 0.282337964 -0.389032006 -0.001207296 -0.193428025 0.948164046 0.252131671 -0.005319788 0.440052480 -0.145842537 0.886049449 0.015244956
0.874043286 0.284004450 -0.394194990 -0.001055036 -0.192043200 0.947236180 0.256637603 -0.005367599 0.446281970 -0.148609906 0.882466674 0.015072398
0.871134341 0.291226685 -0.395363361 -0.001021596 -0.197496265 0.944948971 0.260895580 -0.004856288 0.449577987 -0.149192289 0.880693614 0.014273606
0.866609633 0.296549708 -0.401305437 -0.000823149 -0.198049799 0.942597568 0.268860549 -0.004627087 0.457999915 -0.153518677 0.875595808 0.014675761
0.865586221 0.298454493 -0.402101308 -0.001050931 -0.196543410 0.941030204 0.275377274 -0.004933221 0.460577101 -0.159332365 0.873202085 0.014835591
0.863884509 0.300876915 -0.403951108 -0.000475554 -0.198586762 0.940476060 0.275804430 -0.004260850 0.462889463 -0.158043846 0.872212887 0.015009840
0.863049209 0.301273435 -0.405438632 -0.000435549 -0.198566690 0.940392852 0.276102364 -0.004346124 0.464453846 -0.157783344 0.871428192 0.015642161
0.862982988 0.303906143 -0.403610468 -0.000702619 -0.199700862 0.938988149 0.280037045 -0.004159601 0.464090437 -0.161065832 0.871021152 0.015639557
0.863535285 0.303734511 -0.402556986 -0.000757983 -0.198896289 0.938692093 0.281597912 -0.004574345 0.463408083 -0.163102627 0.871005416 0.014234651
0.863473952 0.308418125 -0.399112701 -0.000365980 -0.203919336 0.937179744 0.283038318 -0.004478691 0.461334527 -0.163009390 0.872122943 0.014130378
0.860444188 0.306219012 -0.407266200 -0.001339059 -0.194881156 0.936276853 0.292244643 -0.004440104 0.470804781 -0.172091752 0.865290284 0.014771165
0.861271441 0.308198243 -0.404011577 -0.001351545 -0.195003331 0.934660494 0.297293335 -0.005312322 0.469238937 -0.177266642 0.865096152 0.014497733
0.852071404 0.315366536 -0.417753696 -0.001218872 -0.194843754 0.931860685 0.306057930 -0.004364687 0.485808760 -0.179386497 0.855459034 0.014730256
0.850121498 0.312283576 -0.423995852 -0.001214156 -0.187950909 0.932086527 0.309659153 -0.004275768 0.491902441 -0.183557495 0.851080775 0.016616121
0.837274075 0.319420666 -0.443782151 -0.001391608 -0.186311767 0.929716647 0.317670912 -0.004661805 0.514062405 -0.183295846 0.837939382 0.015062563
0.833181083 0.319120049 -0.451632202 -0.001654573 -0.184101880 0.930174470 0.317619234 -0.003804445 0.521455407 -0.181488022 0.833754241 0.017799877
0.828022420 0.323453963 -0.457991600 -0.001544115 -0.185383856 0.928822994 0.320812613 -0.003683618 0.529161215 -0.180735826 0.829049408 0.017898150
0.825078726 0.323344886 -0.463349968 -0.001782033 -0.181830898 0.928389072 0.324085414 -0.003772437 0.534960270 -0.183144659 0.824788094 0.018299349
0.824074686 0.324097872 -0.464609087 -0.001874549 -0.182007164 0.928162813 0.324634343 -0.003835896 0.536446035 -0.182960778 0.823863506 0.018083420
0.817255318 0.326606691 -0.474785984 -0.002227664 -0.176932320 0.926303566 0.332651019 -0.003400982 0.548442066 -0.187855825 0.814813793 0.018637657
0.815268815 0.328565866 -0.476845086 -0.001259450 -0.176290408 0.925185740 0.336084843 -0.003691293 0.551596284 -0.189936265 0.812198102 0.018142525
0.810842693 0.333291560 -0.481093377 -0.001491013 -0.178569227 0.923699915 0.338956594 -0.003581500 0.557357252 -0.188932061 0.808490992 0.017825497
0.807829916 0.337355107 -0.483324260 -0.001422238 -0.177720591 0.921255112 0.345983237 -0.003932100 0.561984181 -0.193598941 0.804172337 0.017383361
0.800770342 0.339422852 -0.493516922 -0.001844998 -0.169137359 0.918545961 0.357303560 -0.003644334 0.574595034 -0.202645928 0.792953491 0.018808553
0.796215594 0.346294343 -0.496105790 -0.001537745 -0.168821439 0.914588928 0.367459327 -0.004076757 0.580981970 -0.208823532 0.786671877 0.017984858
0.788427055 0.354873151 -0.502441883 -0.001469907 -0.166627541 0.909480989 0.380893052 -0.004529349 0.592130065 -0.216585666 0.776191056 0.018426748
0.784914374 0.357837737 -0.505827606 -0.002027089 -0.163997576 0.907239199 0.387326330 -0.003863596 0.597506762 -0.221063390 0.770789623 0.019451845
0.776464403 0.367362708 -0.512003481 -0.002161280 -0.166713133 0.903299093 0.395293772 -0.003644018 0.607708573 -0.221573725 0.762623966 0.019368228
0.773062110 0.367902458 -0.516742349 -0.001412253 -0.159809083 0.901308715 0.402620971 -0.003762145 0.613869727 -0.228670940 0.755561888 0.018347070
0.767007470 0.375060499 -0.520604670 -0.001888633 -0.158434823 0.896950126 0.412769705 -0.003241815 0.621769965 -0.234115481 0.747390032 0.019800885
0.764365077 0.377950162 -0.522397995 -0.001211122 -0.153869748 0.893703878 0.421446741 -0.003937531 0.626155019 -0.241757929 0.741271198 0.017856997
0.759570539 0.385960996 -0.523532927 -0.001051101 -0.157192558 0.889979362 0.428050429 -0.004013146 0.631144285 -0.242839053 0.736672282 0.018544342
0.754654765 0.390253067 -0.527445495 -0.001454389 -0.154456764 0.886956632 0.435259968 -0.003865276 0.637682736 -0.247003511 0.729623199 0.019249303
0.757009089 0.392139077 -0.522651196 -0.001557600 -0.158698767 0.886282265 0.435107559 -0.003432208 0.633839071 -0.246436223 0.733155727 0.019546252
0.753182948 0.392377377 -0.527973115 -0.001314856 -0.153710961 0.885381162 0.438717574 -0.003747832 0.639600337 -0.249279350 0.727166593 0.019248074
0.753450394 0.392121881 -0.527781129 -0.000844481 -0.153096631 0.885266840 0.439162791 -0.003969197 0.639432490 -0.250085831 0.727037251 0.019260414
0.751674116 0.394360155 -0.528645515 -0.001021595 -0.152881831 0.883895934 0.441989988 -0.003873939 0.641570866 -0.251412123 0.724692166 0.019844802
0.755442500 0.392772496 -0.524439216 -0.000982226 -0.158209115 0.886070907 0.435715735 -0.003644280 0.635827482 -0.246187091 0.731515825 0.018978085
0.757058322 0.391812384 -0.522824824 -0.000767527 -0.160447270 0.887213588 0.432560623 -0.003335496 0.633340001 -0.243587762 0.734537721 0.019193988
0.763884306 0.385133684 -0.517834663 -0.001845142 -0.158693269 0.889866412 0.427731514 -0.002555588 0.625537515 -0.244560495 0.740873039 0.020002151
0.769623399 0.382701546 -0.511096299 -0.001370960 -0.164022997 0.892104983 0.421004891 -0.002965376 0.617070794 -0.240183651 0.749356687 0.018872947
0.776775122 0.381402582 -0.501151145 -0.001869501 -0.170064062 0.893228471 0.416198194 -0.002587422 0.606381536 -0.238064587 0.758700669 0.019438565
0.789683580 0.374534100 -0.485925913 -0.001945368 -0.178896815 0.898188293 0.401563972 -0.003059179 0.586852312 -0.230177894 0.776287615 0.017573914
0.793277979 0.365440190 -0.486994237 -0.002367499 -0.184809417 0.906631649 0.379294723 -0.002261277 0.580133915 -0.210885033 0.786747813 0.020567834
0.808559656 0.349836737 -0.473123163 -0.002095074 -0.190319091 0.916330993 0.352301270 -0.002726446 0.556785345 -0.194812223 0.807488859 0.020170426
0.822274208 0.340587705 -0.455922246 -0.002950935 -0.198184997 0.922367990 0.331602097 -0.002028707 0.533467710 -0.182310909 0.825938761 0.019193808
0.832970023 0.327823341 -0.445749640 -0.001985487 -0.190367550 0.926204383 0.325431406 -0.003282667 0.519539356 -0.186218396 0.833907425 0.018833464
0.840138435 0.321159780 -0.437062740 -0.002306428 -0.191635206 0.929632008 0.314738154 -0.003282596 0.507388771 -0.180667043 0.842565179 0.018634999
0.841576934 0.318674862 -0.436112791 -0.002498171 -0.193582103 0.931725502 0.307267547 -0.002580341 0.504255831 -0.174165711 0.845808685 0.019568220
0.845139742 0.312105894 -0.433968484 -0.002812959 -0.189966053 0.934213281 0.301924348 -0.003122149 0.499651462 -0.172729000 0.848830402 0.020204717
0.846921027 0.313670039 -0.429343551 -0.002319459 -0.193113238 0.933780134 0.301267326 -0.003527358 0.495410979 -0.172237709 0.851411819 0.018499840
0.848666728 0.313353360 -0.426115453 -0.002472903 -0.196397126 0.934712708 0.296209931 -0.003280883 0.491113871 -0.167695656 0.854801297 0.018519867
0.850582719 0.310786068 -0.424171120 -0.002345762 -0.194572270 0.935414612 0.295196801 -0.003502234 0.488518894 -0.168557316 0.856117845 0.018889911
0.853892982 0.307014972 -0.420248091 -0.002433224 -0.192369148 0.936473727 0.293276340 -0.003548167 0.483591557 -0.169583827 0.858708620 0.018309219
0.853369296 0.311125934 -0.418283999 -0.002216507 -0.198514387 0.935867250 0.291109502 -0.003306312 0.482030034 -0.165388599 0.860403240 0.017782241
0.856688261 0.305910617 -0.415335745 -0.002172399 -0.195389003 0.937616587 0.287573069 -0.003560827 0.477397323 -0.165208444 0.863016784 0.018187517
0.861201704 0.303382427 -0.407787591 -0.001975799 -0.195886999 0.938452601 0.284490734 -0.003607837 0.468998820 -0.165123671 0.867625654 0.017774757
0.862641811 0.303303629 -0.404791355 -0.002108165 -0.198616162 0.939111531 0.280394703 -0.003444060 0.465188950 -0.161482081 0.870357871 0.017815908
0.866284311 0.300524563 -0.399044484 -0.001719349 -0.198326170 0.940055668 0.277420282 -0.003702676 0.458495617 -0.161183849 0.873957336 0.017462919
0.869693935 0.297947198 -0.393522382 -0.001746384 -0.199556336 0.941444635 0.271770716 -0.003639341 0.451452821 -0.157827452 0.878225923 0.017119631
0.875627756 0.293096632 -0.383888483 -0.002023564 -0.199281067 0.943256259 0.265621722 -0.003696548 0.439957947 -0.156084016 0.884349883 0.017336242
0.877273440 0.291860938 -0.381062418 -0.001544166 -0.200715899 0.944213271 0.261102289 -0.003761393 0.436009705 -0.152572826 0.886914372 0.016946506
0.882253885 0.279889017 -0.378536910 -0.001328501 -0.194803894 0.949050844 0.247696996 -0.003806953 0.428578466 -0.144791201 0.891827345 0.017730992
0.889264584 0.275562614 -0.365066737 -0.000914769 -0.204406649 0.953434765 0.221765816 -0.003921560 0.409177721 -0.122586399 0.904182613 0.018235870
0.898476481 0.264350325 -0.350512356 -0.001090828 -0.200850084 0.957448602 0.207247362 -0.004197217 0.390383393 -0.115806438 0.913339853 0.016942278
0.900058389 0.261251181 -0.348773122 -0.000963124 -0.200019613 0.958747506 0.201978311 -0.004102109 0.387152374 -0.112030834 0.915184259 0.017260114
0.905123472 0.253343195 -0.341421545 -0.000784035 -0.194824085 0.960941911 0.196555480 -0.004464582 0.377882212 -0.111389831 0.919128656 0.016739082
0.907564044 0.252025723 -0.335872710 -0.000808138 -0.197184220 0.961973011 0.189013928 -0.004457846 0.370736837 -0.105313443 0.922747672 0.017565783
0.912336230 0.243778527 -0.328959852 -0.001034499 -0.193302035 0.964709163 0.178802818 -0.004707242 0.360938936 -0.099539712 0.927262068 0.017096065
0.912405789 0.248549610 -0.325174838 -0.000741161 -0.200550422 0.964075983 0.174175099 -0.004226834 0.356784374 -0.093704417 0.929475248 0.016363407
0.914305389 0.243451446 -0.323692828 -0.000648455 -0.196152508 0.965369284 0.172006428 -0.004301106 0.354358315 -0.093773261 0.930396020 0.016778069
0.916941583 0.240918577 -0.318082303 -0.000265846 -0.196556181 0.966444850 0.165378496 -0.004214403 0.347251743 -0.089121386 0.933527529 0.016241109
0.916403294 0.243788004 -0.317446530 -0.000832547 -0.199536011 0.965784132 0.165669248 -0.004153173 0.346973002 -0.088477835 0.933692336 0.016725224
0.918274343 0.239274487 -0.315467775 -0.000693093 -0.196225807 0.967035115 0.162291512 -0.004194361 0.343900621 -0.087125234 0.934955359 0.016511947
0.922732472 0.241391674 -0.300490886 -0.001125987 -0.204988152 0.967543185 0.147783652 -0.003497535 0.326411635 -0.074767739 0.942266047 0.017064095
0.928430080 0.233626544 -0.288853288 -0.001624204 -0.201416641 0.969870925 0.137046441 -0.003490221 0.312168092 -0.069058172 0.947513640 0.017223740
0.931245029 0.231893748 -0.281084001 -0.000904535 -0.202429458 0.970616639 0.130098403 -0.003989786 0.302993923 -0.064253777 0.950823963 0.014846539
0.935628891 0.223678261 -0.273068935 -0.001228281 -0.197373107 0.972876906 0.120641522 -0.003997935 0.292647421 -0.058979232 0.954399765 0.016851762
0.940020680 0.216805965 -0.263355792 -0.001148846 -0.194623157 0.974923909 0.107913122 -0.003463185 0.280148119 -0.050185423 0.958644092 0.015228108
0.940921783 0.213920370 -0.262496263 -0.000993179 -0.191624790 0.975497425 0.108096108 -0.003711544 0.279188365 -0.051409207 0.958859205 0.014521251
0.941404164 0.214796826 -0.260039419 -0.000843581 -0.191915244 0.975147247 0.110709056 -0.003937760 0.277356714 -0.054316431 0.959230423 0.014079368
0.942104638 0.214078680 -0.258088231 -0.001149965 -0.191506520 0.975314379 0.109942548 -0.003772237 0.275253475 -0.054151792 0.959845364 0.014506152
0.943191230 0.212267607 -0.255602866 -0.000861703 -0.190525383 0.975799620 0.107309952 -0.003844672 0.272195548 -0.052514967 0.960807860 0.014932577
0.944020927 0.212983280 -0.251917750 -0.000884451 -0.191794813 0.975676179 0.106163412 -0.003950878 0.268401265 -0.051903978 0.961907864 0.013492675
0.944127321 0.214363247 -0.250343531 -0.000752771 -0.194633991 0.975623310 0.101374671 -0.003357531 0.265971959 -0.046985246 0.962834954 0.014639695
0.946967661 0.208609834 -0.244405746 -0.000871854 -0.189289704 0.976784527 0.100307077 -0.003643462 0.259656787 -0.048724066 0.964470923 0.013407966
0.946641088 0.214382678 -0.240646973 -0.000561052 -0.196595594 0.975780785 0.095929027 -0.003398094 0.255384237 -0.043500215 0.965860486 0.013142711
0.951781750 0.208494872 -0.225036100 -0.000444100 -0.192990586 0.977149129 0.089077175 -0.003586801 0.238465965 -0.041352194 0.970269978 0.011634527
0.951408744 0.219765976 -0.215695247 0.000992918 -0.207502663 0.975101531 0.078231528 -0.002800888 0.227517352 -0.029672824 0.973321736 0.010979748
0.958669186 0.206890345 -0.195319608 -0.000513181 -0.195970178 0.977822363 0.073886223 -0.003473701 0.206274211 -0.032555625 0.977952480 0.012574191
0.961250186 0.207017019 -0.182049483 -0.000840572 -0.197822407 0.977911413 0.067495227 -0.003190844 0.192000926 -0.028866321 0.980970144 0.011744021
0.962722838 0.203096047 -0.178652063 -0.000663009 -0.193947360 0.978690207 0.067452736 -0.003444560 0.188544422 -0.030289210 0.981597483 0.012309507
